735926 735950 0.749 4.826 
735950 736034 0.802 -5.468 
736034 736058 0.613 5.466 
736034 736106 0.495 5.675 
736034 736130 0.565 5.711 
736058 736106 0.001 0.215 
736058 736130 0.002 0.266 
736058 736154 0.141 -2.074 
736106 736130 0.000 0.034 
736106 736154 0.416 -2.250 
736106 736178 0.095 -2.894 
736130 736154 0.649 -2.308 
736130 736178 0.112 -2.969 
736130 736202 0.304 2.938 
736154 736178 0.006 -0.633 
736154 736202 0.561 5.238 
736154 736226 0.154 1.418 
736178 736202 0.330 5.898 
736178 736226 0.044 2.080 
736178 736250 0.052 1.871 
736202 736226 0.275 -3.809 
736202 736250 0.471 -3.991 
736202 736298 0.653 -4.690 
736226 736250 0.002 -0.193 
736226 736298 0.047 -0.897 
736226 736322 0.603 8.548 
736250 736298 0.076 -0.708 
736250 736322 0.810 7.695 
736298 736322 0.764 8.404 
736298 736370 0.775 5.078 
736298 736394 0.484 3.709 
736322 736370 0.303 -3.293 
736322 736394 0.430 -4.703 
736322 736418 0.003 -0.243 
736370 736394 0.114 -1.435 
736370 736418 0.704 3.037 
736370 736442 0.779 -5.440 
736394 736418 0.583 4.455 
736394 736442 0.452 -4.080 
736394 736466 0.390 -5.333 
736418 736442 0.957 -8.575 
736418 736466 0.726 -9.810 
736418 736490 0.949 -9.878 
736442 736466 0.041 -1.222 
736442 736490 0.149 -1.265 
736442 736514 0.326 1.971 
736466 736490 0.000 -0.075 
736466 736514 0.283 3.193 
736466 736562 0.567 7.228 
736490 736514 0.532 3.280 
736490 736562 0.868 7.294 
736514 736562 0.626 3.992 
736514 736610 0.068 -0.891 
736562 736610 0.686 -4.878 
736562 736634 0.831 -7.094 
736610 736634 0.322 -2.158 
736610 736682 0.235 2.300 
736610 736706 0.000 0.013 
736634 736682 0.723 4.486 
736634 736706 0.368 2.204 
736634 736730 0.940 7.376 
736682 736706 0.441 -2.296 
736682 736730 0.624 2.862 
736706 736730 0.830 5.184 
736952 736964 0.045 1.518 
736952 736976 0.103 -2.903 
736952 736988 0.029 1.268 
736964 736976 0.282 -4.413 
736964 736988 0.002 -0.210 
736964 737000 0.493 -2.878 
736964 737048 0.026 -0.744 
736976 736988 0.396 4.187 
736976 737000 0.059 1.539 
736976 737012 0.116 3.136 
736976 737048 0.170 3.673 
736976 737060 0.053 -1.393 
736988 737000 0.341 -2.661 
736988 737012 0.027 -1.053 
736988 737024 0.114 2.581 
736988 737048 0.008 -0.525 
736988 737060 0.624 -5.622 
736988 737072 0.253 -2.253 
737000 737012 0.141 1.610 
737000 737024 0.485 5.235 
737000 737036 0.149 1.306 
737012 737024 0.554 3.631 
737012 737036 0.007 -0.307 
737012 737048 0.061 0.521 
737024 737036 0.355 -3.924 
737024 737048 0.498 -3.101 
737024 737060 0.660 -8.188 
737036 737048 0.058 0.830 
737036 737060 0.695 -4.209 
737036 737072 0.166 -0.922 
737048 737060 0.593 -5.041 
737048 737072 0.217 -1.754 
737048 737084 0.029 0.510 
737060 737072 0.727 3.297 
737060 737084 0.875 5.582 
737060 737096 0.423 3.566 
737072 737084 0.733 2.245 
737072 737096 0.007 0.294 
737072 737108 0.000 -0.026 
737084 737096 0.268 -2.003 
737084 737108 0.365 -2.280 
737084 737120 0.078 0.606 
737096 737108 0.005 -0.300 
737096 737120 0.304 2.638 
737096 737132 0.158 1.744 
737108 737120 0.390 2.876 
737108 737132 0.324 2.006 
737108 737144 0.420 -2.718 
737120 737132 0.066 -0.860 
737120 737144 0.813 -5.661 
737120 737156 0.150 2.578 
737132 737144 0.781 -4.750 
737132 737156 0.375 3.467 
737132 737168 0.415 2.735 
737144 737156 0.731 8.210 
737144 737168 0.831 7.541 
737144 737180 0.572 3.166 
737156 737168 0.017 -0.715 
737156 737180 0.480 -5.010 
737156 737192 0.517 -5.726 
737168 737180 0.616 -4.304 
737168 737192 0.665 -5.009 
737168 737204 0.687 -9.793 
737180 737192 0.041 -0.696 
737180 737204 0.245 -1.793 
737180 737216 0.076 -1.167 
737192 737204 0.100 -1.086 
737192 737216 0.020 -0.453 
737192 737228 0.216 -1.629 
737204 737216 0.065 0.633 
737204 737228 0.057 -0.544 
737204 737240 0.027 0.975 
737216 737228 0.117 -1.183 
737216 737240 0.002 0.317 
737216 737288 0.159 2.368 
737228 737240 0.087 1.478 
737228 737288 0.447 3.524 
737228 737300 0.314 3.009 
737240 737288 0.160 2.031 
737240 737300 0.164 1.527 
737240 737312 0.258 6.289 
737288 737300 0.018 -0.520 
737288 737312 0.104 3.946 
737288 737336 0.189 -1.915 
737300 737312 0.159 4.822 
737300 737336 0.086 -1.372 
737300 737372 0.032 -0.805 
737312 737336 0.283 -6.253 
737312 737372 0.196 -5.697 
737312 737384 0.428 -7.683 
737336 737372 0.032 0.560 
737336 737384 0.080 -1.279 
737336 737396 0.325 2.087 
737372 737384 0.102 -1.863 
737372 737396 0.126 1.538 
737372 737408 0.000 -0.053 
737384 737396 0.679 3.360 
737384 737408 0.568 1.775 
737384 737420 0.001 0.042 
737396 737408 0.377 -1.559 
737396 737420 0.799 -3.307 
737396 737432 0.000 0.033 
737408 737420 0.576 -1.726 
737408 737432 0.057 1.619 
737408 737444 0.510 2.831 
737420 737432 0.211 3.357 
737420 737444 0.780 4.560 
737420 737468 0.806 6.760 
737432 737444 0.047 1.214 
737432 737468 0.161 2.585 
737444 737456 0.415 -2.925 
737444 737468 0.424 1.315 
737444 737480 0.352 1.973 
737444 737492 0.052 0.501 
737456 737468 0.577 4.312 
737456 737480 0.522 4.977 
737456 737492 0.543 3.432 
737456 737504 0.181 3.204 
737468 737480 0.046 0.631 
737468 737492 0.264 -0.833 
737468 737504 0.042 -1.062 
737468 737516 0.347 1.059 
737480 737492 0.167 -1.479 
737480 737516 0.019 0.425 
737480 737528 0.109 1.393 
737492 737504 0.001 -0.211 
737492 737516 0.468 1.890 
737492 737528 0.584 2.882 
737492 737540 0.633 -3.928 
737492 737588 0.730 -3.522 
737504 737516 0.162 2.117 
737504 737528 0.246 3.104 
737504 737540 0.448 -3.739 
737504 737564 0.117 2.997 
737504 737600 0.091 -1.596 
737516 737528 0.198 0.969 
737516 737540 0.781 -5.857 
737516 737564 0.043 0.907 
737516 737576 0.801 -6.159 
737528 737540 0.772 -6.835 
737528 737576 0.835 -7.180 
737528 737588 0.885 -6.491 
737540 737564 0.555 6.731 
737540 737576 0.017 -0.309 
737540 737588 0.016 0.406 
737540 737600 0.322 2.135 
737564 737576 0.562 -7.036 
737564 737588 0.628 -6.342 
737564 737600 0.480 -4.602 
737576 737588 0.067 0.708 
737576 737600 0.500 2.432 
737576 737612 0.187 -1.272 
737576 737624 0.000 -0.079 
737588 737600 0.408 1.733 
737588 737612 0.329 -1.988 
737588 737624 0.033 -0.790 
737588 737636 0.262 1.854 
737600 737612 0.628 -3.712 
737600 737624 0.257 -2.514 
737600 737636 0.002 0.118 
737612 737624 0.084 1.187 
737612 737636 0.554 3.834 
737612 737648 0.261 2.273 
737612 737660 0.059 1.488 
737624 737636 0.275 2.633 
737624 737648 0.081 1.070 
737624 737660 0.004 0.280 
737636 737648 0.167 -1.551 
737636 737660 0.176 -2.383 
737648 737660 0.026 -0.790 
737648 737672 0.391 2.993 
737648 737684 0.275 2.355 
737660 737672 0.268 3.775 
737660 737684 0.214 3.138 
737660 737696 0.252 4.269 
737672 737684 0.023 -0.643 
737672 737696 0.016 0.480 
737672 737708 0.168 2.735 
737684 737696 0.083 1.151 
737684 737708 0.223 3.375 
737684 737720 0.574 -3.307 
737696 737708 0.221 2.222 
737696 737720 0.529 -4.426 
737696 737732 0.020 -0.871 
737708 737720 0.464 -6.669 
737708 737732 0.104 -3.101 
737708 737744 0.448 -8.225 
737708 737756 0.543 -7.378 
737720 737732 0.535 3.530 
737720 737744 0.224 -1.534 
737720 737756 0.163 -0.789 
737720 737768 0.801 4.198 
737732 737744 0.772 -5.074 
737732 737756 0.568 -4.308 
737732 737768 0.028 0.631 
737732 737780 0.172 -2.094 
737744 737756 0.049 0.761 
737744 737768 0.691 5.727 
737744 737780 0.329 2.980 
737756 737768 0.780 4.915 
737756 737780 0.387 2.220 
737768 737780 0.354 -2.694 
