# Size: 251001(501x501), n_valid: 251001
# unw_cov_thre: 0.3, coh_thre: 0.05
# ifg dates         bperp   dt unw_cov  coh_av
20141030_20141123     0.7   24   0.917   0.660 
20141030_20141217    -0.8   48   0.917   0.620 
20141030_20150404    -0.2  156   0.916   0.555 
20141123_20141217    -1.5   24   1.000   0.709 
20141123_20141229    -0.3   36   1.000   0.683 
20141123_20150404    -0.9  132   1.000   0.576 
20141123_20150826    -1.4  276   0.986   0.490 
20141217_20141229     1.2   12   1.000   0.770 
20141217_20150404     0.6  108   0.999   0.596 
20141217_20150826     0.1  252   0.991   0.502 
20141217_20150919     1.2  276   0.991   0.447 
20141229_20150404    -0.6   96   1.000   0.609 
20141229_20150428     0.1  120   0.999   0.595 
20150404_20150428     0.7   24   0.999   0.683 
20150404_20150522    -0.6   48   1.000   0.644 
20150404_20150826    -0.5  144   0.994   0.511 
20150404_20150919     0.5  168   0.991   0.447 
20150404_20151013    -0.1  192   0.997   0.508 
20150428_20150522    -1.2   24   1.000   0.667 
20150428_20150615    -0.5   48   0.999   0.599 
20150522_20150615     0.8   24   1.000   0.641 
20150522_20150709     0.3   48   1.000   0.607 
20150522_20150802     1.4   72   1.000   0.590 
20150615_20150709    -0.5   24   1.000   0.637 
20150615_20150802     0.7   48   1.000   0.625 
20150615_20150826    -0.7   72   0.995   0.566 
20150709_20150802     1.1   24   1.000   0.637 
20150709_20150826    -0.2   48   0.996   0.556 
20150709_20150919     0.8   72   0.994   0.464 
20150802_20150826    -1.4   24   0.997   0.635 
20150802_20150919    -0.3   48   0.997   0.507 
20150802_20151013    -0.9   72   1.000   0.564 
20150826_20150919     1.0   24   0.999   0.546 
20150826_20151013     0.4   48   0.997   0.560 
20150826_20151106     1.2   72   0.997   0.533 
20150826_20151130    -0.2   96   0.995   0.545 
20150919_20151013    -0.6   24   0.998   0.576 
20150919_20151106     0.2   48   0.999   0.555 
20150919_20151130    -1.2   72   0.997   0.531 
20150919_20151224     0.1   96   0.995   0.514 
20151013_20151106     0.8   24   0.999   0.644 
20151013_20151130    -0.6   48   1.000   0.645 
20151013_20151224     0.7   72   0.999   0.604 
20151013_20160210     0.8  120   0.999   0.571 
20151106_20151130    -1.4   24   0.999   0.652 
20151106_20151224    -0.1   48   0.999   0.627 
20151106_20160117    -0.5   72   0.998   0.619 
20151130_20151224     1.3   24   1.000   0.674 
20151130_20160117     0.8   48   1.000   0.681 
20151130_20160210     1.4   72   1.000   0.628 
20151130_20160305     0.1   96   1.000   0.655 
20151224_20160117    -0.5   24   1.000   0.715 
20151224_20160210     0.1   48   1.000   0.691 
20151224_20160305    -1.2   72   0.999   0.620 
20151224_20160329    -0.2   96   0.999   0.610 
20160117_20160210     0.5   24   1.000   0.723 
20160117_20160305    -0.7   48   1.000   0.687 
20160117_20160329     0.2   72   1.000   0.662 
20160210_20160305    -1.2   24   1.000   0.679 
20160210_20160329    -0.3   48   1.000   0.655 
20160210_20160422    -0.7   72   0.998   0.500 
20160305_20160329     0.9   24   1.000   0.740 
20160305_20160422     0.6   48   1.000   0.539 
20160305_20160516     1.4   72   0.998   0.507 
20160329_20160422    -0.4   24   0.999   0.541 
20160329_20160516     0.5   48   0.997   0.511 
20160329_20160609    -1.1   72   0.999   0.539 
20160422_20160516     0.8   24   0.998   0.554 
20160422_20160609    -0.7   48   0.998   0.530 
20160422_20160703     0.3   72   0.999   0.527 
20160516_20160609    -1.6   24   0.997   0.586 
20160516_20160703    -0.6   48   0.998   0.562 
20160516_20160820    -0.9   96   0.995   0.516 
20160609_20160703     1.0   24   0.999   0.650 
20160609_20160820     0.7   72   0.998   0.547 
20160609_20160913     1.6   96   0.998   0.529 
20160703_20160820    -0.3   48   1.000   0.601 
20160703_20160913     0.6   72   0.999   0.574 
20160703_20161007    -0.7   96   1.000   0.546 
20160820_20160913     0.9   24   1.000   0.618 
20160820_20161007    -0.4   48   1.000   0.565 
20160820_20161031     0.3   72   0.999   0.555 
20160913_20161007    -1.3   24   1.000   0.619 
20160913_20161031    -0.6   48   1.000   0.611 
20160913_20161218    -1.1   96   0.998   0.564 
20161007_20161031     0.7   24   1.000   0.679 
20161007_20161218     0.2   72   0.999   0.607 
20161007_20170111     1.5   96   1.000   0.581 
20161007_20170204    -0.1  120   0.999   0.566 
20161031_20161218    -0.5   48   1.000   0.677 
20161031_20170204    -0.8   96   0.999   0.631 
20161031_20170914     0.3  318   0.046   0.037 *
20161218_20170111     1.2   24   1.000   0.713 
20161218_20170204    -0.3   48   1.000   0.685 
20161218_20170914     0.8  270   0.047   0.037 *
20161218_20170926     0.2  282   0.046   0.037 *
20161218_20171207     1.0  354   0.998   0.452 
20170111_20170204    -1.6   24   1.000   0.737 
20170204_20170914     1.1  222   0.045   0.036 *
20170204_20170926     0.6  234   0.045   0.036 *
20170204_20171008     1.4  246   0.046   0.037 *
20170204_20171207     1.3  306   0.999   0.465 
20170204_20171219     0.0  318   0.997   0.452 
20170204_20180112     0.1  342   0.991   0.431 
20170914_20170926    -0.6   12   0.965   0.595 
20170914_20171008     0.3   24   0.911   0.464 
20170914_20171020    -1.4   36   0.873   0.413 
20170926_20171008     0.9   12   0.953   0.549 
20170926_20171020    -0.9   24   0.928   0.482 
20170926_20171101     0.4   36   0.957   0.526 
20171008_20171020    -1.8   12   0.967   0.627 
20171008_20171101    -0.5   24   0.966   0.600 
20171008_20171113    -1.0   36   0.964   0.575 
20171008_20171219    -1.4   72   0.047   0.037 *
20171020_20171101     1.3   12   0.962   0.619 
20171020_20171113     0.8   24   0.966   0.636 
20171101_20171113    -0.5   12   0.963   0.657 
20171101_20171207     0.4   36   0.048   0.037 *
20171113_20171207     0.9   24   0.049   0.038 *
20171113_20171219    -0.4   36   0.048   0.038 *
20171113_20180112    -0.3   60   0.048   0.037 *
20171207_20171219    -1.3   12   0.999   0.759 
20171207_20171231    -0.6   24   1.000   0.741 
20171207_20180112    -1.2   36   1.000   0.663 
20171207_20180205    -1.5   60   1.000   0.669 
20171219_20171231     0.7   12   0.999   0.748 
20171219_20180112     0.1   24   0.999   0.661 
20171219_20180124     1.5   36   0.999   0.683 
20171219_20180205    -0.2   48   0.999   0.659 
20171219_20180301     0.1   72   0.999   0.630 
20171231_20180112    -0.6   12   1.000   0.719 
20171231_20180124     0.9   24   1.000   0.732 
20171231_20180205    -0.8   36   1.000   0.705 
20180112_20180124     1.4   12   1.000   0.737 
20180112_20180205    -0.3   24   1.000   0.687 
20180112_20180217     0.9   36   1.000   0.655 
20180112_20180301     0.0   48   1.000   0.632 
20180112_20180313     1.2   60   1.000   0.609 
20180124_20180205    -1.7   12   1.000   0.761 
20180124_20180217    -0.5   24   1.000   0.717 
20180124_20180301    -1.4   36   1.000   0.688 
20180205_20180217     1.2   12   1.000   0.757 
20180205_20180301     0.3   24   1.000   0.713 
20180205_20180313     1.4   36   1.000   0.677 
20180205_20180325    -0.2   48   1.000   0.656 
20180217_20180301    -0.9   12   1.000   0.768 
20180217_20180313     0.2   24   1.000   0.722 
20180217_20180325    -1.4   36   1.000   0.689 
20180301_20180313     1.1   12   1.000   0.763 
20180301_20180325    -0.5   24   1.000   0.698 
20180301_20180406     0.6   36   1.000   0.673 
20180301_20180418     0.4   48   0.997   0.561 
20180313_20180325    -1.7   12   0.999   0.741 
20180313_20180406    -0.5   24   1.000   0.680 
20180313_20180418    -0.7   36   0.998   0.589 
20180313_20180430     0.0   48   0.999   0.600 
20180325_20180406     1.1   12   1.000   0.720 
20180325_20180418     0.9   24   0.999   0.592 
20180325_20180430     1.7   36   0.999   0.589 
20180325_20180524     1.2   60   1.000   0.589 
20180406_20180418    -0.2   12   0.999   0.576 
20180406_20180430     0.5   24   0.999   0.601 
20180406_20180512    -0.8   36   0.998   0.605 
20180418_20180430     0.8   12   0.999   0.629 
20180418_20180512    -0.6   24   0.997   0.549 
20180418_20180524     0.2   36   0.996   0.519 
20180418_20180605    -0.1   48   0.995   0.539 
20180430_20180512    -1.3   12   0.999   0.645 
20180430_20180524    -0.5   24   0.999   0.614 
20180430_20180605    -0.8   36   0.998   0.599 
20180430_20180617    -0.1   48   0.998   0.597 
20180512_20180524     0.8   12   0.999   0.691 
20180512_20180605     0.5   24   0.999   0.642 
20180512_20180617     1.2   36   0.999   0.632 
20180524_20180617     0.4   24   1.000   0.682 
20180524_20180629    -1.1   36   1.000   0.640 
20180605_20180617     0.7   12   1.000   0.751 
20180605_20180629    -0.8   24   1.000   0.710 
20180605_20180723     0.6   48   0.234   0.641 *
20180617_20180629    -1.5   12   1.000   0.752 
20180617_20180723    -0.1   36   0.235   0.668 *
20180617_20180804    -0.7   48   0.235   0.661 *
20180617_20180816     0.2   60   0.998   0.588 
20180629_20180723     1.4   24   0.236   0.684 *
20180629_20180804     0.9   36   0.237   0.677 *
20180629_20180816     1.8   48   0.999   0.595 
20180629_20180828     0.2   60   1.000   0.587 
20180723_20180804    -0.6   12   0.688   0.721 
20180723_20180816     0.3   24   0.237   0.668 *
20180723_20180828    -1.2   36   0.235   0.586 *
20180804_20180816     0.9   12   0.236   0.686 *
20180804_20180909     0.4   36   0.236   0.532 *
20180816_20180828    -1.6   12   1.000   0.663 
20180816_20180909    -0.5   24   0.997   0.512 
20180816_20181003    -1.2   48   0.996   0.519 
20180828_20180909     1.0   12   0.998   0.531 
20180828_20181003     0.3   36   0.999   0.504 
20180828_20181015     1.5   48   0.995   0.499 
20180909_20181003    -0.7   24   0.994   0.470 
20180909_20181015     0.5   36   0.998   0.478 
20180909_20181027    -0.8   48   0.993   0.458 
20181003_20181015     1.2   12   1.000   0.681 
20181003_20181027    -0.1   24   1.000   0.651 
20181015_20181027    -1.3   12   1.000   0.651 
20181015_20181108    -0.6   24   1.000   0.585 
20181015_20181120    -1.2   36   0.999   0.607 
20181027_20181108     0.7   12   0.999   0.649 
20181027_20181120     0.1   24   1.000   0.666 
20181027_20181202     1.3   36   1.000   0.635 
20181108_20181120    -0.6   12   1.000   0.735 
20181108_20181202     0.6   24   1.000   0.702 
20181108_20181214    -0.9   36   1.000   0.685 
20181120_20181202     1.2   12   1.000   0.768 
20181120_20181214    -0.3   24   1.000   0.736 
20181120_20190107     0.9   48   1.000   0.693 
20181202_20181214    -1.5   12   1.000   0.801 
20181202_20190107    -0.3   36   1.000   0.724 
20181202_20190119    -0.9   48   1.000   0.702 
20181214_20190107     1.2   24   1.000   0.755 
20181214_20190119     0.6   36   1.000   0.723 
20181214_20190131     1.3   48   1.000   0.702 
20190107_20190119    -0.6   12   0.999   0.758 
20190107_20190131     0.1   24   1.000   0.746 
20190107_20190212    -1.5   36   0.997   0.658 
20190119_20190212    -0.8   24   1.000   0.721 
20190119_20190224     0.2   36   1.000   0.675 
20190131_20190212    -1.5   12   0.999   0.721 
20190131_20190224    -0.5   24   1.000   0.703 
20190131_20190320    -0.6   48   1.000   0.690 
20190212_20190224     1.0   12   1.000   0.721 
20190212_20190320     0.9   36   0.998   0.686 
20190212_20190401     1.9   48   1.000   0.664 
20190224_20190320    -0.1   24   0.999   0.684 
20190224_20190401     0.9   36   1.000   0.675 
20190224_20190413    -0.9   48   1.000   0.666 
20190320_20190401     1.0   12   0.999   0.727 
20190320_20190413    -0.8   24   0.999   0.697 
20190320_20190425     0.5   36   1.000   0.630 
20190401_20190413    -1.9   12   1.000   0.745 
20190401_20190425    -0.6   24   0.999   0.645 
20190413_20190425     1.3   12   1.000   0.681 
20190413_20190519     0.7   36   0.997   0.545 
20190425_20190519    -0.6   24   0.998   0.524 
20190425_20190531     0.6   36   0.998   0.571 
20190519_20190531     1.2   12   0.999   0.526 
20190519_20190612    -0.5   24   0.994   0.499 
20190519_20190624     0.7   36   0.992   0.488 
20190531_20190612    -1.8   12   0.998   0.604 
20190531_20190624    -0.5   24   0.997   0.571 
20190531_20190706    -1.0   36   0.997   0.563 
20190612_20190624     1.2   12   1.000   0.678 
20190612_20190706     0.7   24   1.000   0.635 
20190612_20190718     1.7   36   0.999   0.578 
20190624_20190706    -0.5   12   1.000   0.707 
20190624_20190718     0.5   24   0.999   0.623 
20190624_20190730    -1.3   36   1.000   0.644 
20190624_20190811    -0.1   48   0.998   0.552 
20190706_20190718     1.0   12   0.999   0.660 
20190706_20190730    -0.8   24   1.000   0.672 
20190706_20190811     0.4   36   0.999   0.582 
20190706_20190823     0.0   48   1.000   0.608 
20190718_20190730    -1.8   12   0.999   0.683 
20190718_20190811    -0.6   24   0.999   0.580 
20190718_20190823    -1.0   36   0.999   0.577 
20190718_20190904    -0.4   48   0.998   0.568 
20190730_20190811     1.2   12   1.000   0.604 
20190730_20190823     0.8   24   1.000   0.613 
20190730_20190904     1.4   36   1.000   0.615 
20190811_20190823    -0.4   12   1.000   0.634 
20190811_20190904     0.2   24   0.999   0.599 
20190823_20190904     0.6   12   1.000   0.680 
20190823_20190916    -0.8   24   1.000   0.627 
20190823_20190928     0.2   36   0.997   0.563 
20190904_20190916    -1.4   12   1.000   0.658 
20190904_20190928    -0.4   24   0.997   0.560 
20190904_20191010    -0.7   36   0.993   0.438 
20190916_20190928     1.0   12   1.000   0.595 
20190916_20191010     0.7   24   0.998   0.492 
20190916_20191022     1.5   36   0.999   0.541 
20190928_20191010    -0.3   12   0.999   0.516 
20190928_20191022     0.5   24   0.998   0.546 
20190928_20191103    -0.7   36   0.998   0.522 
20191010_20191022     0.8   12   0.999   0.538 
20191010_20191103    -0.4   24   1.000   0.534 
20191010_20191115     0.4   36   0.998   0.493 
20191022_20191115    -0.4   24   1.000   0.659 
20191022_20191127    -0.8   36   1.000   0.591 
20191022_20191209     0.3   48   0.990   0.532 
20191103_20191115     0.8   12   1.000   0.705 
20191103_20191127     0.4   24   1.000   0.659 
20191103_20191209     1.5   36   0.995   0.588 
20191103_20191221    -0.2   48   1.000   0.649 
20191115_20191127    -0.4   12   1.000   0.701 
20191115_20191209     0.7   24   0.996   0.602 
20191115_20191221    -1.0   36   1.000   0.679 
20191127_20191209     1.1   12   0.999   0.677 
20191127_20191221    -0.6   24   1.000   0.706 
20191209_20191221    -1.7   12   0.999   0.671 
