20141030
20141123
20141217
20141229
20150404
20150428
20150522
20150615
20150709
20150802
20150826
20150919
20151013
20151106
20151130
20151224
20160117
20160210
20160305
20160329
20160422
20160516
20160609
20160703
20160820
20160913
20161007
20161031
20161218
20170111
20170204
20170926
20171008
20171020
20171101
20171113
20171207
20171219
20171231
20180112
20180124
20180205
20180217
20180301
20180313
20180325
20180406
20180418
20180430
20180512
20180524
20180605
20180617
20180629
20180723
20180804
20180816
20180828
20180909
20181003
20181015
20181027
20181108
20181120
20181202
20181214
20190107
20190119
20190131
20190212
20190224
20190320
20190401
20190413
20190425
20190519
20190531
20190612
20190624
20190706
20190718
20190730
20190811
20190823
20190904
20190916
20190928
20191010
20191022
20191103
20191115
20191127
20191209
20191221
