# loop_thre: 1.5 rad
# *: Removed w/o ref, **: No ref, ***: Removed w/ ref
# /: Candidates of bad loops but causative ifgs unidentified
# image1   image2   image3 RMS w/oref  w/ref
20141030 20141123 20141217     0.20    0.20    
20141030 20141123 20150404     0.25    0.25    
20141030 20141217 20150404     0.27    0.27    
20141123 20141217 20141229     0.10    0.10    
20141123 20141217 20150404     0.14    0.14    
20141123 20141217 20150826     0.26    0.26    
20141123 20141229 20150404     0.14    0.14    
20141123 20150404 20150826     0.29    0.29    
20141217 20141229 20150404     0.12    0.12    
20141217 20150404 20150826     0.28    0.28    
20141217 20150404 20150919     0.31    0.31    
20141217 20150826 20150919     0.33    0.34    
20141229 20150404 20150428     0.23    0.23    
20150404 20150428 20150522     0.21    0.21    
20150404 20150826 20150919     0.33    0.34    
20150404 20150826 20151013     0.28    0.29    
20150404 20150919 20151013     0.28    0.28    
20150428 20150522 20150615     0.23    0.23    
20150522 20150615 20150709     0.15    0.15    
20150522 20150615 20150802     0.17    0.17    
20150522 20150709 20150802     0.14    0.15    
20150615 20150709 20150802     0.14    0.14    
20150615 20150709 20150826     0.23    0.24    
20150615 20150802 20150826     0.27    0.27    
20150709 20150802 20150826     0.26    0.26    
20150709 20150802 20150919     0.30    0.30    
20150709 20150826 20150919     0.38    0.38    
20150802 20150826 20150919     0.31    0.33    
20150802 20150826 20151013     0.28    0.28    
20150802 20150919 20151013     0.26    0.26    
20150826 20150919 20151013     0.29    0.30    
20150826 20150919 20151106     0.32    0.33    
20150826 20150919 20151130     0.28    0.29    
20150826 20151013 20151106     0.35    0.35    
20150826 20151013 20151130     0.24    0.25    
20150826 20151106 20151130     0.35    0.35    
20150919 20151013 20151106     0.27    0.28    
20150919 20151013 20151130     0.23    0.23    
20150919 20151013 20151224     0.26    0.26    
20150919 20151106 20151130     0.24    0.24    
20150919 20151106 20151224     0.26    0.26    
20150919 20151130 20151224     0.22    0.22    
20151013 20151106 20151130     0.18    0.18    
20151013 20151106 20151224     0.24    0.25    
20151013 20151130 20151224     0.19    0.20    
20151013 20151130 20160210     0.24    0.24    
20151013 20151224 20160210     0.25    0.25    
20151106 20151130 20151224     0.15    0.15    
20151106 20151130 20160117     0.15    0.17    
20151106 20151224 20160117     0.16    0.17    
20151130 20151224 20160117     0.10    0.14    
20151130 20151224 20160210     0.11    0.12    
20151130 20151224 20160305     0.11    0.12    
20151130 20160117 20160210     0.12    0.12    
20151130 20160117 20160305     0.12    0.12    
20151130 20160210 20160305     0.15    0.15    
20151224 20160117 20160210     0.10    0.12    
20151224 20160117 20160305     0.15    0.15    
20151224 20160117 20160329     0.15    0.15    
20151224 20160210 20160305     0.15    0.15    
20151224 20160210 20160329     0.14    0.14    
20151224 20160305 20160329     0.14    0.14    
20160117 20160210 20160305     0.12    0.12    
20160117 20160210 20160329     0.11    0.12    
20160117 20160305 20160329     0.11    0.11    
20160210 20160305 20160329     0.12    0.12    
20160210 20160305 20160422     0.27    0.28    
20160210 20160329 20160422     0.27    0.27    
20160305 20160329 20160422     0.20    0.20    
20160305 20160329 20160516     0.28    0.28    
20160305 20160422 20160516     0.26    0.26    
20160329 20160422 20160516     0.32    0.32    
20160329 20160422 20160609     0.26    0.26    
20160329 20160516 20160609     0.29    0.30    
20160422 20160516 20160609     0.33    0.33    
20160422 20160516 20160703     0.27    0.27    
20160422 20160609 20160703     0.19    0.19    
20160516 20160609 20160703     0.27    0.27    
20160516 20160609 20160820     0.33    0.33    
20160516 20160703 20160820     0.28    0.28    
20160609 20160703 20160820     0.19    0.19    
20160609 20160703 20160913     0.18    0.19    
20160609 20160820 20160913     0.22    0.22    
20160703 20160820 20160913     0.15    0.15    
20160703 20160820 20161007     0.17    0.18    
20160703 20160913 20161007     0.17    0.18    
20160820 20160913 20161007     0.19    0.20    
20160820 20160913 20161031     0.16    0.16    
20160820 20161007 20161031     0.17    0.17    
20160913 20161007 20161031     0.15    0.16    
20160913 20161007 20161218     0.21    0.21    
20160913 20161031 20161218     0.17    0.18    
20161007 20161031 20161218     0.16    0.18    
20161007 20161031 20170204     0.21    0.21    
20161007 20161218 20170111     0.19    0.21    
20161007 20161218 20170204     0.21    0.21    
20161007 20170111 20170204     0.19    0.19    
20161031 20161218 20170204     0.19    0.19    
20161218 20170111 20170204     0.15    0.16    
20161218 20170204 20171207     0.20    0.20    
20170204 20171207 20171219     0.30    0.31    
20170204 20171207 20180112     0.21    0.21    
20170204 20171219 20180112     0.32    0.33    
20170914 20170926 20171008     3.12 *  --      
20170914 20170926 20171020     4.21 *  --      
20170914 20171008 20171020     3.86 *  --      
20170926 20171008 20171020     2.70 *  --      
20170926 20171008 20171101     0.81    0.81    
20170926 20171020 20171101     2.84 *  --      
20171008 20171020 20171101     0.33    0.35    
20171008 20171020 20171113     0.39    0.40    
20171008 20171101 20171113     0.51    0.51    
20171020 20171101 20171113     0.57    0.57    
20171207 20171219 20171231     0.23    0.24    
20171207 20171219 20180112     0.21    0.21    
20171207 20171219 20180205     0.22    0.22    
20171207 20171231 20180112     0.08    0.09    
20171207 20171231 20180205     0.09    0.09    
20171207 20180112 20180205     0.10    0.10    
20171219 20171231 20180112     0.21    0.24    
20171219 20171231 20180124     0.21    0.23    
20171219 20171231 20180205     0.20    0.22    
20171219 20180112 20180124     0.21    0.21    
20171219 20180112 20180205     0.20    0.20    
20171219 20180112 20180301     0.24    0.25    
20171219 20180124 20180205     0.21    0.21    
20171219 20180124 20180301     0.24    0.24    
20171219 20180205 20180301     0.24    0.25    
20171231 20180112 20180124     0.08    0.11    
20171231 20180112 20180205     0.09    0.10    
20171231 20180124 20180205     0.09    0.09    
20180112 20180124 20180205     0.07    0.08    
20180112 20180124 20180217     0.09    0.09    
20180112 20180124 20180301     0.11    0.11    
20180112 20180205 20180217     0.09    0.09    
20180112 20180205 20180301     0.11    0.12    
20180112 20180205 20180313     0.14    0.14    
20180112 20180217 20180301     0.12    0.12    
20180112 20180217 20180313     0.12    0.12    
20180112 20180301 20180313     0.14    0.14    
20180124 20180205 20180217     0.10    0.10    
20180124 20180205 20180301     0.10    0.10    
20180124 20180217 20180301     0.10    0.10    
20180205 20180217 20180301     0.11    0.11    
20180205 20180217 20180313     0.12    0.12    
20180205 20180217 20180325     0.10    0.10    
20180205 20180301 20180313     0.13    0.14    
20180205 20180301 20180325     0.12    0.12    
20180205 20180313 20180325     0.14    0.14    
20180217 20180301 20180313     0.12    0.12    
20180217 20180301 20180325     0.12    0.12    
20180217 20180313 20180325     0.14    0.14    
20180301 20180313 20180325     0.15    0.15    
20180301 20180313 20180406     0.14    0.14    
20180301 20180313 20180418     0.25    0.25    
20180301 20180325 20180406     0.14    0.16    
20180301 20180325 20180418     0.25    0.25    
20180301 20180406 20180418     0.25    0.25    
20180313 20180325 20180406     0.16    0.16    
20180313 20180325 20180418     0.32    0.32    
20180313 20180325 20180430     0.18    0.18    
20180313 20180406 20180418     0.22    0.22    
20180313 20180406 20180430     0.17    0.17    
20180313 20180418 20180430     0.20    0.20    
20180325 20180406 20180418     0.31    0.32    
20180325 20180406 20180430     0.18    0.18    
20180325 20180418 20180430     0.33    0.33    
20180325 20180418 20180524     0.44    0.44    
20180325 20180430 20180524     0.49    0.49    
20180406 20180418 20180430     0.24    0.24    
20180406 20180418 20180512     0.33    0.33    
20180406 20180430 20180512     0.25    0.25    
20180418 20180430 20180512     0.29    0.29    
20180418 20180430 20180524     0.60    0.60    
20180418 20180430 20180605     0.32    0.32    
20180418 20180512 20180524     0.50    0.51    
20180418 20180512 20180605     0.35    0.35    
20180430 20180512 20180524     0.51    0.51    
20180430 20180512 20180605     0.23    0.23    
20180430 20180512 20180617     0.23    0.23    
20180430 20180524 20180617     0.48    0.48    
20180430 20180605 20180617     0.17    0.18    
20180512 20180524 20180617     0.21    0.21    
20180512 20180605 20180617     0.17    0.18    
20180524 20180617 20180629     0.10    0.10    
20180605 20180617 20180629     0.10    0.10    
20180617 20180629 20180816     0.15    0.16    
20180629 20180816 20180828     0.17    0.18    
20180816 20180828 20180909     0.19    0.19    
20180816 20180828 20181003     0.37    0.37    
20180816 20180909 20181003     0.31    0.31    
20180828 20180909 20181003     0.41    0.41    
20180828 20180909 20181015     0.25    0.25    
20180828 20181003 20181015     0.26    0.26    
20180909 20181003 20181015     0.41    0.41    
20180909 20181003 20181027     0.40    0.40    
20180909 20181015 20181027     0.29    0.29    
20181003 20181015 20181027     0.17    0.17    
20181015 20181027 20181108     0.18    0.18    
20181015 20181027 20181120     0.17    0.17    
20181015 20181108 20181120     0.13    0.15    
20181027 20181108 20181120     0.15    0.15    
20181027 20181108 20181202     0.14    0.14    
20181027 20181120 20181202     0.13    0.13    
20181108 20181120 20181202     0.09    0.11    
20181108 20181120 20181214     0.09    0.10    
20181108 20181202 20181214     0.06    0.07    
20181120 20181202 20181214     0.06    0.07    
20181120 20181202 20190107     0.10    0.10    
20181120 20181214 20190107     0.09    0.09    
20181202 20181214 20190107     0.10    0.10    
20181202 20181214 20190119     0.07    0.08    
20181202 20190107 20190119     0.17    0.17    
20181214 20190107 20190119     0.16    0.16    
20181214 20190107 20190131     0.10    0.10    
20190107 20190119 20190212     0.54    0.54    
20190107 20190131 20190212     0.39    0.39    
20190119 20190212 20190224     0.12    0.12    
20190131 20190212 20190224     0.41    0.41    
20190131 20190212 20190320     0.39    0.39    
20190131 20190224 20190320     0.15    0.15    
20190212 20190224 20190320     0.20    0.20    
20190212 20190224 20190401     0.17    0.17    
20190212 20190320 20190401     0.20    0.20    
20190224 20190320 20190401     0.19    0.19    
20190224 20190320 20190413     0.16    0.17    
20190224 20190401 20190413     0.15    0.15    
20190320 20190401 20190413     0.15    0.15    
20190320 20190401 20190425     0.15    0.16    
20190320 20190413 20190425     0.15    0.15    
20190401 20190413 20190425     0.18    0.17    
20190413 20190425 20190519     0.23    0.23    
20190425 20190519 20190531     0.29    0.29    
20190519 20190531 20190612     0.29    0.29    
20190519 20190531 20190624     0.30    0.30    
20190519 20190612 20190624     0.25    0.25    
20190531 20190612 20190624     0.20    0.21    
20190531 20190612 20190706     0.21    0.21    
20190531 20190624 20190706     0.21    0.22    
20190612 20190624 20190706     0.12    0.12    
20190612 20190624 20190718     0.23    0.23    
20190612 20190706 20190718     0.24    0.24    
20190624 20190706 20190718     0.22    0.22    
20190624 20190706 20190730     0.17    0.22    
20190624 20190706 20190811     0.22    0.24    
20190624 20190718 20190730     0.21    0.21    
20190624 20190718 20190811     0.25    0.25    
20190624 20190730 20190811     0.18    0.18    
20190706 20190718 20190730     0.21    0.25    
20190706 20190718 20190811     0.24    0.25    
20190706 20190718 20190823     0.22    0.24    
20190706 20190730 20190811     0.15    0.15    
20190706 20190730 20190823     0.13    0.13    
20190706 20190811 20190823     0.15    0.15    
20190718 20190730 20190811     0.21    0.22    
20190718 20190730 20190823     0.19    0.19    
20190718 20190730 20190904     0.23    0.23    
20190718 20190811 20190823     0.21    0.21    
20190718 20190811 20190904     0.25    0.26    
20190718 20190823 20190904     0.23    0.23    
20190730 20190811 20190823     0.14    0.14    
20190730 20190811 20190904     0.17    0.17    
20190730 20190823 20190904     0.14    0.14    
20190811 20190823 20190904     0.15    0.15    
20190823 20190904 20190916     0.16    0.16    
20190823 20190904 20190928     0.20    0.20    
20190823 20190916 20190928     0.18    0.18    
20190904 20190916 20190928     0.20    0.20    
20190904 20190916 20191010     0.25    0.26    
20190904 20190928 20191010     0.26    0.26    
20190916 20190928 20191010     0.20    0.21    
20190916 20190928 20191022     0.18    0.18    
20190916 20191010 20191022     0.24    0.24    
20190928 20191010 20191022     0.23    0.23    
20190928 20191010 20191103     0.21    0.21    
20191010 20191022 20191115     0.19    0.20    
20191010 20191103 20191115     0.16    0.17    
20191022 20191115 20191127     0.11    0.11    
20191022 20191115 20191209     0.30    0.31    
20191022 20191127 20191209     0.32    0.32    
20191103 20191115 20191127     0.09    0.10    
20191103 20191115 20191209     0.21    0.22    
20191103 20191115 20191221     0.09    0.09    
20191103 20191127 20191209     0.17    0.17    
20191103 20191127 20191221     0.08    0.08    
20191103 20191209 20191221     0.18    0.18    
20191115 20191127 20191209     0.22    0.22    
20191115 20191127 20191221     0.07    0.07    
20191115 20191209 20191221     0.23    0.23    
20191127 20191209 20191221     0.16    0.16    
